2010	4	5	6	0	0	0	4.00	-3.00	1.28	-517.58	-21.34	3.49	3.91	177893.71
2010	4	5	6	1	0	0	4.00	-3.48	0.71	-515.63	-15.94	5.84	3.80	171983.14
2010	4	5	6	2	0	0	4.00	-3.59	1.60	-514.51	-9.23	7.73	3.95	188502.42
2010	4	5	6	3	0	0	4.00	-3.94	2.59	-514.80	-5.23	8.84	4.04	199984.33
2010	4	5	6	4	0	0	4.00	-3.85	0.91	-519.26	-9.26	7.65	3.94	196610.29
2010	4	5	6	5	0	0	4.00	-3.75	2.91	-520.88	-11.58	6.96	3.87	191674.13
2010	4	5	6	6	0	0	4.00	-3.26	3.74	-518.36	-11.40	7.01	3.82	184608.00
2010	4	5	6	7	0	0	4.00	-3.35	3.68	-515.06	-12.47	11.63	3.80	166002.35
2010	4	5	6	8	0	0	4.00	-2.90	3.48	-512.17	-13.41	17.85	3.77	144584.05
2010	4	5	6	9	0	0	4.00	-3.17	3.32	-516.81	-6.23	8.94	3.62	170226.84
2010	4	5	6	10	0	0	4.00	-3.12	3.28	-519.25	-2.90	5.75	3.64	190339.06
2010	4	5	6	11	0	0	4.00	-2.83	3.48	-516.63	-8.46	15.78	4.08	197789.07
2010	4	5	6	12	0	0	4.00	-2.76	2.86	-512.70	-11.62	18.92	4.21	185519.45
2010	4	5	6	13	0	0	4.00	-2.48	2.97	-507.74	-13.05	16.97	4.11	158436.37
2010	4	5	6	14	0	0	4.00	-1.98	3.40	-508.52	-10.39	15.82	4.02	153032.10
2010	4	5	6	15	0	0	4.00	-2.75	3.38	-509.52	-9.22	16.60	3.96	150902.23
2010	4	5	6	16	0	0	4.00	-2.38	3.75	-510.03	-12.37	21.84	3.98	152739.12
2010	4	5	6	17	0	0	4.00	-2.29	3.76	-510.75	-11.80	23.30	3.89	148046.00
2010	4	5	6	18	0	0	4.00	-2.60	4.09	-511.64	-8.25	21.78	3.72	138068.89
2010	4	5	6	19	0	0	4.00	-2.26	4.14	-512.52	-4.66	19.66	3.93	168100.39
2010	4	5	6	20	0	0	4.00	-2.32	4.51	-512.74	-2.81	20.25	4.11	188775.45
2010	4	5	6	21	0	0	4.00	-1.48	3.98	-511.98	-3.61	25.00	4.22	191664.97
2010	4	5	6	22	0	0	4.00	-2.12	4.14	-514.67	1.17	19.95	4.04	186728.04
2010	4	5	6	23	0	0	4.00	-1.73	4.50	-517.89	6.86	13.28	3.81	180567.04
2010	4	5	6	24	0	0	4.00	-1.55	4.31	-514.78	4.60	20.80	4.05	188146.04
2010	4	5	6	25	0	0	4.00	-1.49	4.49	-514.03	4.14	22.74	4.10	185727.83
2010	4	5	6	26	0	0	4.00	-1.46	4.12	-514.68	4.75	21.37	4.03	177382.99
2010	4	5	6	27	0	0	4.00	-1.35	3.99	-515.49	5.22	22.09	4.03	181689.11
2010	4	5	6	28	0	0	4.00	-1.36	3.74	-515.54	5.65	22.39	3.99	186336.35
2010	4	5	6	29	0	0	4.00	-0.12	3.69	-513.09	5.98	20.89	3.85	189632.12
2010	4	5	6	30	0	0	4.00	-0.66	4.06	-511.03	7.85	19.00	3.94	194584.92
2010	4	5	6	31	0	0	4.00	-1.49	3.41	-509.20	10.50	16.91	4.15	200373.42
2010	4	5	6	32	0	0	4.00	-1.10	3.75	-507.41	13.09	14.89	4.35	206007.82
2010	4	5	6	33	0	0	4.00	-1.31	3.81	-505.67	15.62	12.91	4.55	211527.94
2010	4	5	6	34	0	0	4.00	-1.15	2.84	-503.89	18.19	10.89	4.76	217139.24
2010	4	5	6	35	0	0	4.00	-2.14	3.81	-513.38	12.13	14.64	4.25	196627.45
2010	4	5	6	36	0	0	4.00	-2.22	3.86	-522.43	6.00	17.57	3.78	179476.96
2010	4	5	6	37	0	0	4.00	-2.81	3.98	-521.66	5.33	12.75	3.99	196492.82
2010	4	5	6	38	0	0	4.00	-3.18	3.69	-519.91	-1.88	20.03	4.20	213908.61
2010	4	5	6	39	0	0	4.00	-2.86	4.05	-517.85	-9.51	29.82	4.39	223263.06
2010	4	5	6	40	0	0	4.00	-2.07	3.74	-515.74	-5.77	31.98	4.37	169270.30
2010	4	5	6	41	0	0	4.00	-3.05	4.40	-522.45	-2.14	29.80	4.25	158886.74
2010	4	5	6	42	0	0	4.00	-1.88	4.71	-526.70	-0.62	25.22	4.17	162951.21
2010	4	5	6	43	0	0	4.00	-2.81	4.29	-526.54	-2.69	16.16	4.13	190817.90
2010	4	5	6	44	0	0	4.00	-3.21	4.95	-525.70	-7.11	22.12	4.15	186025.00
2010	4	5	6	45	0	0	4.00	-3.79	4.28	-525.54	-10.21	25.53	4.11	180218.97
2010	4	5	6	46	0	0	4.00	-3.35	3.85	-527.09	-9.50	17.74	3.94	184485.07
2010	4	5	6	47	0	0	4.00	-2.88	4.11	-523.67	-8.19	8.72	4.17	202918.99
2010	4	5	6	48	0	0	4.00	-3.84	3.28	-519.85	-6.26	0.57	4.33	218827.96
2010	4	5	6	49	0	0	4.00	-1.44	-1.12	-520.21	-1.92	-2.69	3.68	205730.64
2010	4	5	6	50	0	0	4.00	-1.16	-1.95	-523.67	2.07	-5.06	3.64	226983.73
2010	4	5	6	51	0	0	4.00	-1.77	-0.76	-528.97	5.88	-6.94	3.96	268521.40
2010	4	5	6	52	0	0	4.00	-1.95	-0.87	-527.18	14.67	-7.60	3.75	198072.11
2010	4	5	6	53	0	0	4.00	-2.19	0.29	-525.86	20.42	-9.52	3.63	152417.45
2010	4	5	6	54	0	0	4.00	-1.86	-0.16	-525.92	20.52	-13.64	3.73	158308.64
2010	4	5	6	55	0	0	4.00	-2.15	0.20	-525.98	20.63	-17.72	3.83	164138.01
2010	4	5	6	56	0	0	4.00	-0.94	-0.37	-526.04	20.73	-21.50	3.92	169529.65
2010	4	5	6	57	0	0	4.00	-0.48	-1.87	-526.10	20.82	-25.34	4.01	175026.03
2010	4	5	6	58	0	0	4.00	-0.64	-1.45	-528.99	23.64	-21.33	3.71	196075.70
2010	4	5	6	59	0	0	4.00	-1.11	-2.16	-532.69	26.32	-15.07	3.30	217081.04
2010	4	5	7	0	0	0	4.00	-1.53	-2.00	-534.27	19.11	-15.79	3.24	188490.53
2010	4	5	7	1	0	0	4.00	-0.50	-2.38	-533.99	17.54	-17.50	3.28	195304.53
2010	4	5	7	2	0	0	4.00	-1.20	-2.35	-532.20	20.88	-20.85	3.45	233775.13
2010	4	5	7	3	0	0	4.00	-1.71	-2.41	-532.70	20.50	-30.14	3.83	255203.94
2010	4	5	7	4	0	0	4.00	-1.68	-1.87	-531.49	28.72	-27.24	3.90	239968.78
2010	4	5	7	5	0	0	4.00	-0.42	-2.44	-530.02	39.13	-18.22	3.76	205877.60
2010	4	5	7	6	0	0	4.00	-1.23	-2.96	-535.43	21.80	-25.63	3.59	217457.71
2010	4	5	7	7	0	0	4.00	-0.28	-2.96	-540.41	21.63	-30.15	3.53	212786.28
2010	4	5	7	8	0	0	4.00	0.06	-3.25	-543.24	28.52	-33.05	3.54	201534.86
2010	4	5	7	9	0	0	4.00	0.83	-3.09	-540.25	22.75	-36.76	3.53	202495.08
2010	4	5	7	10	0	0	4.00	0.92	-3.52	-547.50	29.07	-27.24	3.48	225541.38
2010	4	5	7	11	0	0	4.00	2.38	-3.22	-556.59	40.74	-21.18	3.44	237642.57
2010	4	5	7	12	0	0	4.00	2.21	-3.23	-558.05	48.24	-33.93	3.45	209867.83
2010	4	5	7	13	0	0	4.00	3.09	-2.30	-561.37	46.61	-24.35	4.17	217646.01
2010	4	5	7	14	0	0	4.00	4.32	-1.30	-558.46	44.06	-22.62	4.42	219250.44
2010	4	5	7	15	0	0	4.00	3.80	-1.77	-552.39	41.57	-26.05	4.28	221533.37
2010	4	5	7	16	0	0	4.00	4.05	-1.56	-558.92	44.28	-21.29	4.11	262598.24
2010	4	5	7	17	0	0	4.00	2.23	-2.75	-561.45	43.19	-20.63	3.81	255339.31
2010	4	5	7	18	0	0	4.00	2.29	-3.34	-560.90	39.08	-23.16	3.40	209865.12
2010	4	5	7	19	0	0	4.00	2.62	-2.40	-562.24	44.75	-17.57	3.39	205967.12
2010	4	5	7	20	0	0	4.00	3.34	-2.30	-561.73	44.60	-14.30	3.45	203798.78
2010	4	5	7	21	0	0	4.00	1.76	-2.77	-559.98	39.92	-14.59	3.65	207237.29
2010	4	5	7	22	0	0	4.00	-1.95	-2.99	-563.01	46.42	-22.29	4.34	240919.51
2010	4	5	7	23	0	0	4.00	0.98	-3.31	-571.21	51.09	-20.18	4.27	242684.92
2010	4	5	7	24	0	0	4.00	3.02	-3.13	-580.94	55.03	-14.90	3.94	232264.88
2010	4	5	7	25	0	0	4.00	2.41	-3.22	-579.28	54.99	-20.52	3.47	175364.06
2010	4	5	7	26	0	0	4.00	3.17	-3.16	-585.25	55.42	-16.42	3.46	194501.32
2010	4	5	7	27	0	0	4.00	3.16	-3.50	-589.00	56.92	-10.49	3.42	206322.83
2010	4	5	7	28	0	0	4.00	3.88	-2.71	-586.58	61.56	0.97	3.30	197507.31
2010	4	5	7	29	0	0	4.00	3.27	-2.54	-586.38	56.79	-8.52	3.57	190993.31
2010	4	5	7	30	0	0	4.00	2.34	-3.44	-585.05	48.63	-20.23	3.84	183501.62
2010	4	5	7	31	0	0	4.00	1.68	-3.11	-573.10	34.93	-11.75	3.49	165520.20
2010	4	5	7	32	0	0	4.00	-0.46	-2.95	-566.15	28.78	-9.81	3.49	159227.42
2010	4	5	7	33	0	0	4.00	-0.30	-2.63	-565.08	31.43	-15.48	3.90	166556.95
2010	4	5	7	34	0	0	4.00	0.16	-3.46	-566.15	26.30	-15.85	4.04	168059.12
2010	4	5	7	35	0	0	4.00	-1.60	-2.57	-569.07	14.50	-11.73	3.93	164633.58
2010	4	5	7	36	0	0	4.00	-3.20	-1.63	-572.18	10.25	-14.90	3.75	160433.95
2010	4	5	7	37	0	0	4.00	0.13	-3.52	-575.48	9.21	-21.41	3.52	155765.11
2010	4	5	7	38	0	0	4.00	1.63	-3.78	-571.08	17.61	-19.36	3.70	182340.47
2010	4	5	7	39	0	0	4.00	0.35	-3.61	-568.27	23.39	-20.00	3.77	194977.66
2010	4	5	7	40	0	0	4.00	1.28	-3.11	-568.98	23.65	-26.07	3.60	180121.50
2010	4	5	7	41	0	0	4.00	-0.06	-3.41	-569.98	29.16	-25.67	3.74	175688.15
2010	4	5	7	42	0	0	4.00	0.38	-3.54	-571.44	39.78	-19.08	4.19	186262.75
2010	4	5	7	43	0	0	4.00	1.28	-3.63	-573.21	38.38	-27.80	3.92	200175.76
2010	4	5	7	44	0	0	4.00	0.24	-3.35	-571.35	35.95	-23.16	3.85	205379.62
2010	4	5	7	45	0	0	4.00	-0.03	-1.92	-565.66	32.60	-4.51	4.03	198195.48
2010	4	5	7	46	0	0	4.00	0.91	-3.34	-567.76	33.01	-16.68	4.08	180474.55
2010	4	5	7	47	0	0	4.00	1.70	-1.82	-570.35	34.55	-26.46	3.98	169641.20
2010	4	5	7	48	0	0	4.00	0.96	-3.90	-574.00	38.23	-32.51	3.64	170645.96
2010	4	5	7	49	0	0	4.00	0.73	-4.00	-577.69	38.08	-33.42	3.48	175040.21
2010	4	5	7	50	0	0	4.00	0.22	-4.55	-581.43	35.14	-30.55	3.46	181953.00
2010	4	5	7	51	0	0	4.00	0.26	-4.58	-577.95	41.75	-26.98	3.63	180812.11
2010	4	5	7	52	0	0	4.00	-0.07	-4.12	-571.53	40.18	-22.20	3.70	169869.04
2010	4	5	7	53	0	0	4.00	-2.14	-1.54	-559.58	21.02	-15.10	3.56	139210.81
2010	4	5	7	54	0	0	4.00	-2.73	-1.65	-556.21	10.94	-8.79	3.60	143933.47
2010	4	5	7	55	0	0	4.00	-1.54	-2.70	-558.94	7.39	-3.10	3.78	173720.02
2010	4	5	7	56	0	0	4.00	-2.21	-3.33	-562.17	7.49	-6.07	3.86	186771.89
2010	4	5	7	57	0	0	4.00	-2.50	-1.42	-565.46	7.99	-9.96	3.93	197997.79
2010	4	5	7	58	0	0	4.00	-3.24	-1.15	-567.39	-6.57	-7.73	3.89	182117.15
2010	4	5	7	59	0	0	4.00	-4.37	-0.44	-568.98	-18.37	-3.51	3.84	167443.94
2010	4	5	8	0	0	0	4.00	-4.59	-0.04	-570.50	-17.88	1.23	3.84	168020.73
2010	4	5	8	1	0	0	4.00	-1.79	-3.10	-569.96	-28.32	-19.52	3.86	184287.20
2010	4	5	8	2	0	0	4.00	-2.65	-2.65	-568.95	-28.98	-34.30	3.87	194091.46
2010	4	5	8	3	0	0	4.00	-1.80	-2.81	-567.22	7.56	-18.67	3.87	176038.23
2010	4	5	8	4	0	0	4.00	-1.01	-3.18	-567.21	17.08	-13.51	3.87	172151.64
2010	4	5	8	5	0	0	4.00	-3.00	-2.86	-567.59	6.97	-16.83	3.87	177405.39
2010	4	5	8	6	0	0	4.00	-3.01	-2.36	-561.60	-17.78	-33.34	3.88	180468.05
2010	4	5	8	7	0	0	4.00	-3.71	-1.30	-560.05	-14.68	-26.26	3.95	187906.06
2010	4	5	8	8	0	0	4.00	-0.82	-3.33	-563.26	7.15	-8.35	4.04	196302.48
2010	4	5	8	9	0	0	4.00	2.37	-4.24	-578.85	34.38	-18.32	3.97	192600.45
2010	4	5	8	10	0	0	4.00	-0.11	-4.50	-584.99	37.08	-26.20	4.00	192872.68
2010	4	5	8	11	0	0	4.00	1.14	-4.61	-586.12	30.90	-31.03	4.07	198274.73
2010	4	5	8	12	0	0	4.00	0.12	-4.12	-586.67	39.47	-28.02	4.03	218316.27
2010	4	5	8	13	0	0	4.00	1.74	-4.50	-586.33	41.99	-25.36	3.96	216349.45
2010	4	5	8	14	0	0	4.00	0.51	-5.02	-585.30	31.39	-24.09	3.89	185652.56
2010	4	5	8	15	0	0	4.00	0.07	-4.90	-588.02	24.05	-23.77	4.05	216409.57
2010	4	5	8	16	0	0	4.00	0.65	-5.01	-580.93	24.84	-15.48	4.48	240182.23
2010	4	5	8	17	0	0	4.00	0.15	-3.48	-567.39	30.93	-1.95	5.09	259581.02
2010	4	5	8	18	0	0	4.00	0.44	-4.25	-573.09	37.54	-16.10	4.37	236465.23
2010	4	5	8	19	0	0	4.00	-0.22	-4.39	-577.77	42.37	-28.68	3.76	215611.18
2010	4	5	8	20	0	0	4.00	-0.47	-4.70	-571.32	31.55	-25.46	4.19	217263.99
2010	4	5	8	21	0	0	4.00	-0.23	-4.77	-573.43	38.41	-27.00	4.65	259099.88
2010	4	5	8	22	0	0	4.00	-0.21	-3.74	-582.10	58.84	-32.19	5.15	332195.92
2010	4	5	8	23	0	0	4.00	2.07	-3.77	-578.12	73.11	-12.95	4.82	276689.27
2010	4	5	8	24	0	0	4.00	-0.43	-4.27	-572.09	74.15	5.73	4.51	246069.17
2010	4	5	8	25	0	0	4.00	0.12	-4.06	-567.64	59.68	15.88	4.53	296084.85
2010	4	5	8	26	0	0	4.00	1.64	-5.41	-591.71	54.11	-24.38	3.48	171066.26
2010	4	5	8	27	0	0	4.00	4.11	-3.91	-578.35	66.11	-12.13	4.44	253106.82
2010	4	5	8	28	0	0	4.00	9.92	-10.00	-710.96	68.12	-57.97	8.41	482102.06
2010	4	5	8	29	0	0	4.00	11.12	-9.56	-720.43	78.31	-43.13	9.32	502480.14
2010	4	5	8	30	0	0	4.00	9.08	-11.31	-724.53	68.46	-50.73	8.59	615442.25
2010	4	5	8	31	0	0	4.00	9.39	-11.59	-734.71	76.96	-44.79	9.20	673054.00
2010	4	5	8	32	0	0	4.00	-1.36	-15.51	-729.86	45.90	-33.23	8.48	656245.05
2010	4	5	8	33	0	0	4.00	7.65	-12.88	-737.86	65.80	-24.48	8.80	632289.22
2010	4	5	8	34	0	0	4.00	12.02	-9.64	-751.50	110.30	-18.16	9.59	597321.43
2010	4	5	8	35	0	0	4.00	13.43	-8.99	-748.71	106.70	-16.81	9.06	499577.55
2010	4	5	8	36	0	0	4.00	8.57	-10.36	-742.59	95.27	-14.43	9.64	491384.32
2010	4	5	8	37	0	0	4.00	2.81	-14.69	-735.23	80.05	-13.41	10.74	533024.88
2010	4	5	8	38	0	0	4.00	4.26	-13.94	-737.13	74.51	-40.67	10.18	542448.02
2010	4	5	8	39	0	0	4.00	2.32	-15.12	-739.31	80.81	-37.22	9.68	507005.61
2010	4	5	8	40	0	0	4.00	6.28	-13.46	-741.53	92.98	-17.90	9.25	449883.96
2010	4	5	8	41	0	0	4.00	5.98	-13.64	-742.33	91.25	-21.22	8.81	515204.45
2010	4	5	8	42	0	0	4.00	6.02	-15.44	-742.85	86.97	-28.72	8.37	602968.20
2010	4	5	8	43	0	0	4.00	10.56	-9.81	-744.13	89.73	-29.50	8.88	650930.72
2010	4	5	8	44	0	0	4.00	10.02	-10.61	-745.55	94.32	-28.36	9.63	684977.73
2010	4	5	8	45	0	0	4.00	9.83	-10.88	-747.43	104.35	-16.77	10.27	733137.58
2010	4	5	8	46	0	0	4.00	10.89	-9.40	-740.08	104.75	-6.43	10.54	760816.89
2010	4	5	8	47	0	0	4.00	7.92	-10.28	-721.22	91.91	0.13	10.36	758500.72
2010	4	5	8	48	0	0	4.00	12.85	-6.99	-713.16	81.70	-1.88	10.44	701268.34
2010	4	5	8	49	0	0	4.00	4.85	-9.52	-705.65	72.92	-11.82	10.81	713977.69
2010	4	5	8	50	0	0	4.00	7.50	-8.75	-677.48	76.64	-80.10	13.38	1641329.77
2010	4	5	8	51	0	0	4.00	5.65	-9.33	-680.98	79.42	-96.60	13.25	1826996.42
2010	4	5	8	52	0	0	4.00	4.82	-10.22	-712.97	81.40	-66.73	10.69	1347996.26
2010	4	5	8	53	0	0	4.00	5.10	-10.34	-716.67	91.67	-41.16	9.90	1075505.67
2010	4	5	8	54	0	0	4.00	5.85	-10.03	-712.61	100.92	-20.51	9.88	925927.37
2010	4	5	8	55	0	0	4.00	7.34	-5.80	-738.10	46.76	-62.54	12.54	1665332.98
2010	4	5	8	56	0	0	4.00	2.57	-12.58	-746.18	23.02	-78.51	13.42	1937707.63
2010	4	5	8	57	0	0	4.00	3.57	-12.04	-716.48	65.58	-37.78	10.43	1194708.13
2010	4	5	8	58	0	0	4.00	4.74	-12.26	-709.65	85.78	-41.34	10.67	1124285.67
2010	4	5	8	59	0	0	4.00	7.59	-9.42	-705.04	99.22	-46.18	10.95	1088705.21
2010	4	5	9	0	0	0	4.00	5.06	-9.04	-699.83	94.00	-38.20	10.09	914127.50
2010	4	5	9	1	0	0	4.00	5.85	-8.61	-695.25	89.19	-31.00	9.38	771918.48
2010	4	5	9	2	0	0	4.00	6.92	-8.32	-693.28	77.46	-20.52	11.80	1250073.89
2010	4	5	9	3	0	0	4.00	6.04	0.00	-687.00	72.23	-28.02	11.83	1270827.97
2010	4	5	9	4	0	0	4.00	4.62	-8.86	-676.39	72.86	-52.71	9.62	863937.37
2010	4	5	9	5	0	0	4.00	-1.24	-11.05	-697.22	77.36	-55.01	9.97	964290.26
2010	4	5	9	6	0	0	4.00	3.70	-10.20	-706.58	73.55	-47.81	10.80	1185409.22
2010	4	5	9	7	0	0	4.00	1.73	-6.99	-673.85	45.18	-19.82	12.27	1600366.36
2010	4	5	9	8	0	0	4.00	0.12	-10.38	-694.34	65.62	-53.25	11.00	1358611.94
2010	4	5	9	9	0	0	4.00	-6.04	-9.12	-706.59	61.89	-66.06	10.50	1268535.84
2010	4	5	9	10	0	0	4.00	-5.33	-9.41	-703.24	25.06	-47.43	11.28	1456631.90
2010	4	5	9	11	0	0	4.00	-6.95	-6.42	-722.00	14.51	-40.96	11.90	1706553.66
2010	4	5	9	12	0	0	4.00	1.11	-9.77	-730.10	36.08	-40.34	11.20	1473644.91
2010	4	5	9	13	0	0	4.00	0.30	-9.15	-726.22	47.60	-36.85	10.99	1277474.79
2010	4	5	9	14	0	0	4.00	-7.30	-5.39	-709.71	5.83	-22.12	13.08	1657685.62
2010	4	5	9	15	0	0	4.00	-11.45	6.51	-719.32	-12.57	3.75	12.55	1502266.77
2010	4	5	9	16	0	0	4.00	-11.86	5.63	-737.40	-24.86	34.40	11.19	1175410.00
2010	4	5	9	17	0	0	4.00	-12.92	3.78	-732.71	-41.41	34.81	11.10	1229156.45
2010	4	5	9	18	0	0	4.00	-12.14	0.27	-719.40	-47.34	21.29	10.81	1200507.04
2010	4	5	9	19	0	0	4.00	-12.27	0.62	-709.31	-43.20	9.90	9.90	962660.00
2010	4	5	9	20	0	0	4.00	-9.71	1.86	-698.02	-50.46	-2.50	11.46	1362689.63
2010	4	5	9	21	0	0	4.00	-12.18	2.23	-690.30	-56.14	-8.54	12.80	1705489.39
2010	4	5	9	22	0	0	4.00	-12.49	4.11	-712.60	-42.44	38.93	10.91	1220509.12
2010	4	5	9	23	0	0	4.00	-13.63	4.85	-732.12	-30.71	76.07	9.39	828943.37
2010	4	5	9	24	0	0	4.00	-13.89	4.07	-737.48	-29.29	56.17	9.91	946055.89
2010	4	5	9	25	0	0	4.00	-8.48	2.72	-722.83	-23.44	36.47	9.69	899826.88
2010	4	5	9	26	0	0	4.00	-10.33	-0.91	-669.04	-9.12	18.64	7.97	528158.25
2010	4	5	9	27	0	0	4.00	-10.54	2.39	-662.19	-10.01	33.73	10.14	764693.84
2010	4	5	9	28	0	0	4.00	-7.97	7.49	-670.58	-7.01	59.08	10.49	864572.56
2010	4	5	9	29	0	0	4.00	-7.69	10.39	-689.01	-1.02	88.62	9.28	830851.76
2010	4	5	9	30	0	0	4.00	-7.00	10.74	-709.92	-6.72	77.31	10.56	992882.66
2010	4	5	9	31	0	0	4.00	-14.21	3.24	-730.05	-12.22	59.76	11.64	1113488.48
2010	4	5	9	32	0	0	4.00	-13.72	-0.33	-744.40	-12.31	30.56	10.82	972777.23
2010	4	5	9	33	0	0	4.00	-11.01	5.64	-747.44	-6.27	6.70	10.14	820220.72
2010	4	5	9	34	0	0	4.00	-11.43	4.82	-727.37	-6.83	6.71	10.80	961796.59
2010	4	5	9	35	0	0	4.00	-12.01	2.86	-705.47	-19.74	17.75	12.17	1302187.74
2010	4	5	9	36	0	0	4.00	-13.45	-0.76	-710.82	-24.31	11.38	11.76	1192276.38
2010	4	5	9	37	0	0	4.00	-11.62	-7.13	-715.46	-18.97	-0.24	10.83	1025654.36
2010	4	5	9	38	0	0	4.00	-10.75	-10.48	-719.85	-8.98	-14.41	9.63	830995.50
2010	4	5	9	39	0	0	4.00	-8.96	-10.48	-723.00	14.93	-15.43	10.02	886302.08
2010	4	5	9	40	0	0	4.00	-9.75	-10.71	-728.75	25.73	-17.53	10.34	947214.12
2010	4	5	9	41	0	0	4.00	-8.33	-11.85	-738.90	14.06	-21.80	10.50	1010134.51
2010	4	5	9	42	0	0	4.00	-6.10	-13.06	-728.00	-0.03	-24.94	10.31	922466.53
2010	4	5	9	43	0	0	4.00	-7.39	-13.32	-730.33	-5.61	-18.93	10.38	869866.00
2010	4	5	9	44	0	0	4.00	-4.91	-13.19	-744.18	-3.05	-6.43	10.65	852570.57
2010	4	5	9	45	0	0	4.00	-7.10	-13.85	-740.10	22.73	-28.83	9.99	792775.27
2010	4	5	9	46	0	0	4.00	-3.59	-15.21	-739.25	34.23	-36.72	9.71	783138.94
2010	4	5	9	47	0	0	4.00	-3.45	-14.83	-741.85	30.70	-29.24	9.84	827039.17
2010	4	5	9	48	0	0	4.00	-3.38	-16.29	-740.26	28.80	-26.34	8.97	702709.35
2010	4	5	9	49	0	0	4.00	-4.81	-15.15	-733.94	27.46	-30.41	7.60	475402.17
2010	4	5	9	50	0	0	4.00	-4.41	-16.06	-731.87	20.63	-32.73	8.56	611592.76
2010	4	5	9	51	0	0	4.00	-5.05	-15.79	-728.60	19.44	-34.07	9.18	724576.48
2010	4	5	9	52	0	0	4.00	-1.44	-14.05	-724.43	22.47	-34.69	9.55	819921.39
2010	4	5	9	53	0	0	4.00	-0.61	-14.22	-737.71	34.45	-28.13	9.54	809326.66
2010	4	5	9	54	0	0	4.00	0.26	-14.30	-740.13	42.30	-25.32	9.45	799145.83
2010	4	5	9	55	0	0	4.00	-1.46	-13.76	-715.97	39.96	-31.75	9.20	800295.71
2010	4	5	9	56	0	0	4.00	3.33	-13.70	-721.67	42.51	-21.70	9.03	781011.06
2010	4	5	9	57	0	0	4.00	3.23	-11.36	-734.11	42.76	5.89	9.22	838416.98
2010	4	5	9	58	0	0	4.00	-7.74	10.89	-728.26	27.30	74.43	10.63	1210745.60
2010	4	5	9	59	0	0	4.00	-8.74	10.40	-731.62	12.84	73.91	12.58	1730603.72
2010	4	5	10	0	0	0	4.00	-4.25	11.53	-737.47	5.49	63.91	13.46	1929895.36
